ID,BasinID,Lat,Long,Rainfed croplands,Mosaic cropland (50-70%) / vegetation (grassland/shrubland/forest) (20-50%),Mosaic vegetation (grassland/shrubland/forest) (50-70%) / cropland (20-50%) ,Closed to open (>15%) broadleaved evergreen or semi-deciduous forest (>5m),Closed (>40%) broadleaved deciduous forest (>5m),Open (15-40%) broadleaved deciduous forest/woodland (>5m),Open (15-40%) needleleaved deciduous or evergreen forest (>5m),Mosaic forest or shrubland (50-70%) / grassland (20-50%),Mosaic grassland (50-70%) / forest or shrubland (20-50%) ,"Closed to open (>15%) (broadleaved or needleleaved, evergreen or deciduous) shrubland (<5m)","Closed to open (>15%) herbaceous vegetation (grassland, savannas or lichens/mosses)",Sparse (<15%) vegetation,"Closed to open (>15%) grassland or woody vegetation on regularly flooded or waterlogged soil - Fresh, brackish or saline water",Bare areas,Water bodies
1,1,-14.26,30.54,0.000,0.000,0.019,0.000,0.262,0.475,0.000,0.003,0.000,0.213,0.017,0.003,0.000,0.000,0.008
2,2,-14.13,30.59,0.000,0.000,0.037,0.000,0.291,0.366,0.000,0.003,0.000,0.256,0.026,0.007,0.000,0.000,0.014
3,3,-14.06,30.71,0.000,0.000,0.082,0.000,0.213,0.383,0.000,0.010,0.005,0.270,0.019,0.001,0.000,0.000,0.018
4,4,-14.17,30.9,0.000,0.000,0.008,0.000,0.268,0.603,0.000,0.000,0.000,0.121,0.000,0.000,0.000,0.000,0.000
5,5,-13.94,30.85,0.000,0.000,0.204,0.000,0.126,0.393,0.000,0.011,0.002,0.227,0.020,0.002,0.000,0.000,0.014
6,6,-13.88,30.73,0.000,0.000,0.056,0.000,0.221,0.554,0.000,0.001,0.000,0.166,0.002,0.000,0.000,0.000,0.000
7,7,-13.9,30.97,0.000,0.000,0.092,0.000,0.078,0.469,0.000,0.020,0.002,0.298,0.016,0.005,0.000,0.000,0.020
8,8,-14.07,31.05,0.000,0.000,0.066,0.000,0.195,0.509,0.000,0.000,0.000,0.230,0.000,0.000,0.000,0.000,0.000
9,9,-13.98,31.22,0.000,0.000,0.055,0.000,0.162,0.477,0.000,0.002,0.000,0.301,0.003,0.000,0.000,0.000,0.000
10,10,-13.6,30.97,0.000,0.000,0.015,0.000,0.474,0.174,0.000,0.000,0.000,0.336,0.000,0.000,0.000,0.000,0.001
11,11,-14.14,31.37,0.000,0.000,0.427,0.000,0.000,0.181,0.000,0.005,0.006,0.344,0.037,0.000,0.000,0.000,0.000
12,12,-14.21,31.43,0.000,0.000,0.813,0.000,0.000,0.028,0.000,0.007,0.004,0.071,0.077,0.000,0.000,0.000,0.000
13,13,-14.2,31.54,0.000,0.000,0.726,0.000,0.013,0.084,0.000,0.002,0.018,0.060,0.097,0.000,0.000,0.000,0.000
14,14,-13.74,30.9,0.000,0.000,0.031,0.000,0.334,0.456,0.000,0.000,0.000,0.174,0.002,0.002,0.000,0.000,0.002
15,15,-13.84,31.1,0.000,0.000,0.103,0.000,0.245,0.353,0.000,0.023,0.002,0.223,0.025,0.006,0.000,0.000,0.021
16,16,-13.76,31.14,0.000,0.000,0.212,0.000,0.152,0.358,0.000,0.024,0.005,0.208,0.025,0.006,0.000,0.000,0.012
17,17,-13.62,31.13,0.000,0.000,0.068,0.000,0.334,0.312,0.000,0.013,0.001,0.220,0.025,0.008,0.000,0.000,0.020
18,18,-13.57,31.29,0.000,0.000,0.481,0.000,0.045,0.255,0.000,0.003,0.001,0.147,0.033,0.012,0.000,0.000,0.024
19,19,-13.7,31.26,0.000,0.000,0.245,0.000,0.040,0.391,0.000,0.022,0.003,0.270,0.025,0.001,0.000,0.000,0.005
20,20,-13.86,31.35,0.000,0.000,0.136,0.000,0.228,0.488,0.000,0.001,0.000,0.147,0.000,0.000,0.000,0.000,0.000
21,21,-13.53,31.4,0.000,0.000,0.322,0.000,0.014,0.456,0.000,0.002,0.002,0.158,0.016,0.009,0.000,0.000,0.021
22,22,-13.31,31.17,0.003,0.000,0.032,0.000,0.509,0.274,0.000,0.000,0.000,0.182,0.000,0.000,0.000,0.000,0.000
23,23,-13.21,31.2,0.000,0.000,0.032,0.000,0.352,0.344,0.000,0.000,0.000,0.272,0.000,0.000,0.000,0.000,0.000
24,24,-13.1,31.29,0.002,0.000,0.034,0.000,0.562,0.228,0.011,0.000,0.000,0.163,0.000,0.000,0.000,0.000,0.000
25,25,-13.12,31.2,0.004,0.000,0.013,0.000,0.533,0.198,0.006,0.000,0.000,0.246,0.000,0.000,0.000,0.000,0.000
26,26,-13.34,31.03,0.000,0.000,0.011,0.000,0.584,0.190,0.000,0.000,0.000,0.216,0.000,0.000,0.000,0.000,0.000
27,27,-13.27,30.95,0.000,0.000,0.005,0.000,0.387,0.418,0.000,0.000,0.000,0.191,0.000,0.000,0.000,0.000,0.000
28,28,-13.15,30.91,0.000,0.000,0.001,0.000,0.075,0.515,0.000,0.000,0.000,0.409,0.000,0.000,0.000,0.000,0.000
29,29,-13.03,30.94,0.000,0.000,0.001,0.000,0.043,0.549,0.000,0.000,0.000,0.392,0.001,0.000,0.000,0.000,0.015
30,30,-13.56,31.49,0.000,0.000,0.517,0.000,0.003,0.204,0.000,0.012,0.007,0.219,0.038,0.000,0.000,0.000,0.000
31,31,-13.38,31.42,0.000,0.000,0.307,0.000,0.002,0.344,0.000,0.016,0.007,0.251,0.023,0.017,0.000,0.001,0.033
32,32,-12.93,31.24,0.002,0.000,0.005,0.000,0.531,0.246,0.013,0.000,0.000,0.202,0.000,0.000,0.000,0.000,0.000
33,33,-12.8,31.41,0.008,0.000,0.016,0.000,0.820,0.046,0.034,0.000,0.000,0.077,0.000,0.000,0.000,0.000,0.000
34,34,-13.23,31.46,0.000,0.000,0.395,0.000,0.033,0.386,0.000,0.003,0.004,0.164,0.015,0.001,0.000,0.000,0.000
35,35,-13.3,31.61,0.000,0.000,0.493,0.000,0.007,0.233,0.000,0.021,0.017,0.157,0.040,0.011,0.000,0.000,0.022
36,36,-13.57,31.59,0.000,0.000,0.312,0.000,0.042,0.380,0.000,0.018,0.016,0.212,0.020,0.000,0.000,0.000,0.001
37,37,-14.04,31.54,0.000,0.000,0.418,0.000,0.001,0.146,0.000,0.010,0.008,0.326,0.090,0.000,0.000,0.000,0.000
38,38,-13.89,31.53,0.000,0.000,0.054,0.000,0.086,0.629,0.000,0.012,0.005,0.214,0.000,0.000,0.000,0.000,0.000
39,39,-13.08,31.75,0.000,0.000,0.232,0.000,0.031,0.356,0.000,0.053,0.018,0.145,0.143,0.008,0.000,0.000,0.015
40,40,-12.89,31.95,0.000,0.000,0.127,0.000,0.003,0.118,0.000,0.077,0.014,0.093,0.550,0.005,0.000,0.000,0.015
41,41,-13.11,31.93,0.000,0.000,0.093,0.000,0.053,0.552,0.000,0.031,0.010,0.195,0.052,0.002,0.000,0.000,0.013
42,42,-12.96,31.65,0.000,0.000,0.109,0.000,0.149,0.590,0.000,0.001,0.002,0.112,0.035,0.000,0.000,0.000,0.004
43,43,-12.75,31.57,0.000,0.000,0.124,0.000,0.215,0.542,0.001,0.000,0.001,0.112,0.003,0.000,0.000,0.000,0.001
44,44,-13.11,32.25,0.000,0.000,0.388,0.000,0.022,0.353,0.000,0.001,0.001,0.235,0.001,0.000,0.000,0.000,0.000
45,45,-13.13,32.02,0.000,0.000,0.038,0.000,0.022,0.756,0.000,0.019,0.004,0.153,0.009,0.000,0.000,0.000,0.000
46,46,-13.42,31.75,0.000,0.000,0.172,0.000,0.093,0.525,0.000,0.002,0.000,0.205,0.003,0.000,0.000,0.000,0.000
47,47,-13.26,32.03,0.000,0.000,0.102,0.000,0.019,0.587,0.000,0.049,0.004,0.214,0.025,0.000,0.000,0.000,0.000
48,48,-13.4,32,0.000,0.000,0.134,0.000,0.030,0.577,0.000,0.002,0.001,0.255,0.001,0.000,0.000,0.000,0.000
49,49,-13.43,31.84,0.000,0.000,0.093,0.000,0.076,0.523,0.000,0.005,0.004,0.285,0.014,0.000,0.000,0.000,0.000
50,50,-13.7,31.79,0.000,0.000,0.021,0.000,0.174,0.650,0.000,0.002,0.002,0.146,0.006,0.000,0.000,0.000,0.000
51,51,-13.75,32.18,0.000,0.000,0.336,0.000,0.044,0.309,0.000,0.004,0.033,0.209,0.065,0.000,0.000,0.000,0.000
52,52,-13.69,31.9,0.000,0.000,0.070,0.000,0.033,0.665,0.000,0.000,0.000,0.232,0.000,0.000,0.000,0.000,0.000
53,53,-13.83,32.09,0.000,0.000,0.345,0.000,0.041,0.371,0.000,0.001,0.010,0.206,0.026,0.000,0.000,0.000,0.000
54,54,-13.94,31.97,0.000,0.000,0.389,0.000,0.013,0.297,0.000,0.000,0.001,0.281,0.020,0.000,0.000,0.000,0.000
55,55,-13.39,32.23,0.000,0.000,0.088,0.000,0.035,0.691,0.000,0.008,0.003,0.170,0.006,0.000,0.000,0.000,0.000
56,56,-13.16,32.43,0.000,0.000,0.002,0.000,0.054,0.836,0.000,0.000,0.000,0.108,0.000,0.000,0.000,0.000,0.000
57,57,-13.27,32.48,0.000,0.000,0.019,0.000,0.071,0.738,0.000,0.000,0.000,0.172,0.000,0.000,0.000,0.000,0.000
58,58,-13.51,32.55,0.000,0.000,0.577,0.000,0.014,0.152,0.000,0.005,0.020,0.190,0.041,0.000,0.000,0.000,0.001
59,59,-13.36,32.58,0.000,0.000,0.201,0.000,0.011,0.326,0.000,0.004,0.002,0.440,0.016,0.000,0.000,0.000,0.000
60,60,-13.46,32.71,0.000,0.000,0.548,0.000,0.028,0.136,0.000,0.003,0.016,0.242,0.027,0.000,0.000,0.000,0.000
61,61,-13.02,32.12,0.000,0.000,0.032,0.000,0.000,0.565,0.000,0.015,0.003,0.373,0.011,0.000,0.000,0.000,0.000
62,62,-12.94,32.31,0.000,0.000,0.159,0.000,0.025,0.555,0.000,0.000,0.000,0.260,0.000,0.000,0.000,0.000,0.000
63,63,-13.04,32.56,0.000,0.000,0.028,0.000,0.234,0.667,0.000,0.000,0.000,0.071,0.000,0.000,0.000,0.000,0.000
64,64,-13.35,32.8,0.000,0.000,0.324,0.000,0.002,0.081,0.000,0.016,0.030,0.433,0.113,0.000,0.000,0.000,0.001
65,65,-13.26,32.82,0.000,0.000,0.233,0.000,0.002,0.296,0.000,0.005,0.009,0.427,0.028,0.000,0.000,0.000,0.000
66,66,-12.51,31.78,0.000,0.000,0.444,0.000,0.036,0.283,0.000,0.010,0.002,0.122,0.103,0.000,0.000,0.000,0.000
67,67,-12.63,31.44,0.008,0.000,0.059,0.000,0.752,0.088,0.012,0.000,0.000,0.079,0.000,0.000,0.000,0.000,0.000
68,68,-12.52,31.36,0.001,0.000,0.013,0.000,0.723,0.034,0.003,0.000,0.000,0.227,0.000,0.000,0.000,0.000,0.000
69,69,-12.63,31.16,0.000,0.000,0.008,0.000,0.142,0.474,0.000,0.000,0.001,0.373,0.002,0.000,0.000,0.000,0.000
70,70,-12.86,31.18,0.000,0.000,0.002,0.000,0.342,0.464,0.000,0.000,0.000,0.193,0.000,0.000,0.000,0.000,0.000
71,71,-13.9,31.67,0.000,0.000,0.392,0.000,0.016,0.304,0.000,0.009,0.004,0.226,0.050,0.000,0.000,0.000,0.000
72,72,-14.01,31.82,0.000,0.000,0.561,0.000,0.001,0.108,0.000,0.003,0.006,0.274,0.047,0.000,0.000,0.000,0.000
73,73,-13.19,31.68,0.000,0.000,0.281,0.000,0.024,0.356,0.000,0.024,0.007,0.170,0.113,0.010,0.000,0.000,0.017
74,74,-12.85,31.74,0.000,0.000,0.175,0.000,0.218,0.380,0.000,0.003,0.002,0.127,0.084,0.000,0.000,0.000,0.011
75,75,-13.69,32.47,0.000,0.000,0.313,0.000,0.035,0.213,0.000,0.016,0.042,0.295,0.086,0.000,0.000,0.000,0.000
76,76,-13.17,32.67,0.000,0.000,0.092,0.000,0.043,0.576,0.000,0.000,0.000,0.287,0.001,0.000,0.000,0.000,0.000
77,77,-13.15,32.93,0.000,0.000,0.031,0.000,0.100,0.622,0.000,0.003,0.003,0.223,0.019,0.000,0.000,0.000,0.000
78,78,-12.96,32.96,0.000,0.000,0.059,0.000,0.038,0.486,0.000,0.004,0.009,0.369,0.035,0.000,0.000,0.000,0.000
79,79,-12.98,32.78,0.000,0.000,0.031,0.000,0.396,0.488,0.000,0.000,0.000,0.084,0.001,0.000,0.000,0.000,0.000
80,80,-12.76,32.76,0.000,0.000,0.073,0.000,0.284,0.483,0.000,0.000,0.002,0.153,0.004,0.000,0.000,0.000,0.000
81,81,-12.86,32.64,0.000,0.000,0.024,0.000,0.369,0.519,0.000,0.000,0.000,0.088,0.000,0.000,0.000,0.000,0.000
82,82,-12.71,32.47,0.000,0.000,0.240,0.000,0.014,0.419,0.000,0.000,0.000,0.321,0.007,0.000,0.000,0.000,0.000
83,83,-12.84,32.42,0.000,0.000,0.215,0.000,0.009,0.510,0.000,0.000,0.000,0.264,0.003,0.000,0.000,0.000,0.000
84,84,-12.56,32,0.000,0.000,0.198,0.000,0.000,0.098,0.000,0.057,0.010,0.165,0.472,0.000,0.000,0.000,0.000
85,85,-12.67,32.21,0.000,0.000,0.302,0.000,0.008,0.302,0.000,0.036,0.011,0.225,0.107,0.002,0.000,0.000,0.008
86,86,-12.56,32.28,0.000,0.000,0.310,0.000,0.053,0.246,0.000,0.015,0.002,0.267,0.100,0.001,0.000,0.000,0.007
87,87,-12.33,32.24,0.000,0.000,0.204,0.000,0.028,0.502,0.000,0.004,0.003,0.134,0.115,0.000,0.000,0.000,0.012
88,88,-12.41,32.08,0.000,0.000,0.329,0.000,0.004,0.150,0.000,0.040,0.020,0.182,0.259,0.001,0.000,0.000,0.016
89,89,-12.38,31.95,0.000,0.000,0.426,0.000,0.004,0.204,0.000,0.034,0.005,0.191,0.136,0.000,0.000,0.000,0.000
90,90,-12.57,32.52,0.000,0.000,0.530,0.000,0.012,0.321,0.000,0.001,0.000,0.125,0.012,0.000,0.000,0.000,0.000
91,91,-12.49,32.53,0.000,0.000,0.392,0.000,0.027,0.381,0.000,0.000,0.000,0.195,0.006,0.000,0.000,0.000,0.000
92,92,-12.56,32.66,0.000,0.000,0.157,0.000,0.178,0.534,0.000,0.000,0.000,0.131,0.000,0.000,0.000,0.000,0.000
93,93,-12.24,31.82,0.000,0.000,0.149,0.000,0.217,0.365,0.000,0.002,0.000,0.233,0.034,0.000,0.000,0.000,0.000
94,94,-12.17,31.91,0.000,0.000,0.200,0.000,0.184,0.392,0.000,0.001,0.001,0.201,0.022,0.000,0.000,0.000,0.000
95,95,-12.32,31.56,0.001,0.000,0.090,0.000,0.486,0.259,0.003,0.000,0.000,0.160,0.001,0.000,0.000,0.000,0.000
96,96,-12.2,31.6,0.001,0.000,0.051,0.000,0.648,0.203,0.002,0.000,0.000,0.096,0.000,0.000,0.000,0.000,0.000
97,97,-12.07,31.62,0.001,0.000,0.034,0.000,0.689,0.155,0.005,0.000,0.000,0.117,0.000,0.000,0.000,0.000,0.000
98,98,-11.87,31.62,0.000,0.000,0.017,0.000,0.289,0.553,0.000,0.000,0.000,0.141,0.000,0.000,0.000,0.000,0.000
99,99,-11.95,31.78,0.000,0.000,0.006,0.000,0.876,0.037,0.000,0.000,0.000,0.081,0.000,0.000,0.000,0.000,0.000
100,100,-11.79,31.86,0.000,0.000,0.001,0.000,0.586,0.091,0.000,0.000,0.000,0.322,0.000,0.000,0.000,0.000,0.000
101,101,-11.73,31.72,0.000,0.000,0.003,0.000,0.350,0.415,0.000,0.000,0.000,0.233,0.000,0.000,0.000,0.000,0.000
102,102,-12,31.45,0.000,0.000,0.015,0.000,0.112,0.551,0.000,0.000,0.001,0.319,0.001,0.000,0.000,0.000,0.000
103,103,-12.16,31.43,0.000,0.000,0.000,0.000,0.318,0.188,0.000,0.000,0.000,0.494,0.000,0.000,0.000,0.000,0.000
104,104,-12.23,32.07,0.000,0.000,0.410,0.000,0.008,0.241,0.000,0.003,0.007,0.066,0.263,0.000,0.000,0.000,0.003
105,105,-12.21,32.39,0.000,0.000,0.273,0.000,0.019,0.378,0.000,0.005,0.002,0.255,0.058,0.002,0.000,0.000,0.010
106,106,-12.34,32.5,0.000,0.000,0.335,0.000,0.085,0.316,0.000,0.002,0.000,0.247,0.017,0.000,0.000,0.000,0.000
107,107,-12.09,32.07,0.000,0.000,0.305,0.000,0.129,0.299,0.000,0.004,0.003,0.152,0.109,0.000,0.000,0.000,0.001
108,108,-12.08,32.18,0.000,0.000,0.384,0.000,0.065,0.306,0.000,0.002,0.005,0.142,0.089,0.001,0.000,0.000,0.007
109,109,-12.13,32.48,0.000,0.000,0.268,0.000,0.011,0.328,0.000,0.022,0.002,0.326,0.041,0.000,0.000,0.000,0.002
110,110,-12.04,32.37,0.000,0.000,0.187,0.000,0.064,0.450,0.000,0.007,0.005,0.173,0.100,0.002,0.000,0.000,0.013
111,111,-11.84,32.38,0.000,0.000,0.310,0.000,0.034,0.371,0.000,0.004,0.002,0.114,0.159,0.000,0.000,0.000,0.005
112,112,-12.02,32.53,0.000,0.000,0.082,0.000,0.152,0.515,0.000,0.005,0.002,0.185,0.051,0.000,0.000,0.000,0.006
113,113,-11.9,32.27,0.000,0.000,0.321,0.000,0.041,0.242,0.000,0.001,0.004,0.110,0.280,0.000,0.000,0.000,0.000
114,114,-11.92,32.07,0.000,0.000,0.508,0.000,0.114,0.243,0.000,0.000,0.004,0.087,0.044,0.000,0.000,0.000,0.000
115,115,-11.73,32.02,0.000,0.000,0.085,0.000,0.478,0.245,0.000,0.000,0.000,0.188,0.003,0.000,0.000,0.000,0.000
116,116,-11.65,32.14,0.000,0.000,0.138,0.000,0.326,0.249,0.001,0.001,0.002,0.247,0.036,0.000,0.000,0.000,0.000
117,117,-11.44,31.89,0.000,0.000,0.003,0.000,0.145,0.656,0.000,0.000,0.000,0.196,0.000,0.000,0.000,0.000,0.000
118,118,-11.87,32.61,0.000,0.000,0.265,0.000,0.004,0.412,0.000,0.014,0.002,0.268,0.031,0.000,0.000,0.000,0.005
119,119,-11.79,32.7,0.000,0.000,0.386,0.000,0.012,0.402,0.000,0.002,0.002,0.178,0.015,0.000,0.001,0.000,0.002
120,120,-11.54,32.57,0.000,0.000,0.048,0.000,0.058,0.697,0.000,0.006,0.006,0.160,0.017,0.000,0.000,0.000,0.008
121,121,-11.47,32.38,0.000,0.000,0.166,0.000,0.273,0.342,0.000,0.001,0.001,0.214,0.003,0.000,0.000,0.000,0.000
122,122,-11.61,32.83,0.000,0.000,0.307,0.000,0.007,0.359,0.000,0.002,0.002,0.282,0.020,0.000,0.016,0.000,0.004
123,123,-11.79,32.91,0.000,0.000,0.250,0.000,0.051,0.501,0.000,0.001,0.000,0.141,0.001,0.000,0.053,0.000,0.001
124,124,-11.73,32.94,0.000,0.000,0.231,0.000,0.105,0.461,0.000,0.001,0.000,0.104,0.000,0.000,0.098,0.000,0.000
125,125,-11.74,33.22,0.000,0.000,0.301,0.000,0.082,0.406,0.000,0.000,0.016,0.178,0.018,0.000,0.000,0.000,0.000
126,126,-11.91,32.9,0.000,0.000,0.379,0.000,0.022,0.475,0.000,0.000,0.000,0.121,0.003,0.000,0.000,0.000,0.000
127,127,-11.59,32.98,0.000,0.000,0.263,0.000,0.018,0.502,0.000,0.003,0.001,0.190,0.005,0.000,0.020,0.000,0.000
128,128,-11.3,32.65,0.000,0.000,0.245,0.000,0.219,0.281,0.000,0.021,0.004,0.213,0.017,0.000,0.000,0.000,0.001
129,129,-11.46,32.97,0.000,0.000,0.291,0.000,0.007,0.394,0.000,0.014,0.000,0.250,0.024,0.000,0.018,0.000,0.002
130,130,-11.32,32.92,0.000,0.000,0.155,0.000,0.005,0.388,0.000,0.073,0.012,0.255,0.071,0.000,0.039,0.000,0.003
131,131,-11.43,33.13,0.000,0.000,0.159,0.000,0.026,0.595,0.000,0.000,0.000,0.182,0.003,0.000,0.035,0.000,0.000
132,132,-11.14,32.56,0.000,0.000,0.052,0.000,0.298,0.360,0.000,0.024,0.002,0.240,0.025,0.000,0.000,0.000,0.000
133,133,-11.31,33.09,0.000,0.000,0.156,0.000,0.009,0.540,0.000,0.003,0.002,0.232,0.017,0.000,0.042,0.000,0.000
134,134,-11.23,33.04,0.000,0.000,0.217,0.000,0.000,0.295,0.000,0.006,0.000,0.420,0.030,0.000,0.031,0.000,0.000
135,135,-11.15,32.9,0.000,0.000,0.225,0.000,0.000,0.441,0.000,0.003,0.002,0.247,0.024,0.000,0.058,0.000,0.000
136,136,-11.1,32.63,0.000,0.000,0.069,0.000,0.270,0.414,0.000,0.000,0.000,0.247,0.000,0.000,0.000,0.000,0.000
137,137,-11.12,33.22,0.000,0.000,0.220,0.000,0.128,0.400,0.000,0.000,0.000,0.191,0.000,0.000,0.061,0.000,0.000
138,138,-11.21,33.28,0.000,0.000,0.175,0.000,0.024,0.526,0.000,0.000,0.000,0.230,0.007,0.000,0.038,0.000,0.000
139,139,-11.03,32.79,0.000,0.000,0.216,0.000,0.053,0.495,0.000,0.013,0.006,0.187,0.009,0.000,0.021,0.000,0.000
140,140,-11.06,33.12,0.000,0.000,0.145,0.000,0.297,0.294,0.001,0.001,0.000,0.200,0.004,0.000,0.058,0.000,0.000
141,141,-10.95,32.63,0.000,0.000,0.297,0.000,0.210,0.334,0.000,0.001,0.001,0.152,0.005,0.000,0.000,0.000,0.000
142,142,-10.78,32.88,0.000,0.000,0.309,0.000,0.006,0.555,0.000,0.000,0.000,0.120,0.011,0.000,0.000,0.000,0.000
143,143,-10.86,32.64,0.000,0.000,0.206,0.000,0.186,0.382,0.000,0.001,0.000,0.201,0.007,0.000,0.017,0.000,0.000
144,144,-10.7,32.62,0.000,0.000,0.102,0.000,0.262,0.376,0.000,0.000,0.000,0.261,0.000,0.000,0.000,0.000,0.000
145,145,-10.64,32.85,0.000,0.000,0.471,0.000,0.011,0.286,0.000,0.004,0.003,0.203,0.022,0.000,0.000,0.000,0.000
146,146,-10.56,32.68,0.000,0.000,0.109,0.000,0.180,0.275,0.000,0.020,0.000,0.407,0.009,0.000,0.000,0.000,0.000
147,147,-10.56,33.04,0.000,0.000,0.338,0.000,0.054,0.301,0.000,0.026,0.004,0.234,0.043,0.000,0.000,0.000,0.000
148,148,-10.42,32.86,0.000,0.000,0.205,0.000,0.005,0.411,0.000,0.001,0.000,0.351,0.001,0.000,0.026,0.000,0.000
149,149,-10.45,32.62,0.000,0.000,0.092,0.000,0.290,0.249,0.000,0.000,0.000,0.362,0.000,0.000,0.007,0.000,0.000
150,150,-10.33,33.02,0.000,0.000,0.381,0.000,0.039,0.358,0.000,0.004,0.000,0.206,0.012,0.000,0.000,0.000,0.000
151,151,-10.23,32.83,0.000,0.000,0.156,0.000,0.137,0.459,0.000,0.001,0.001,0.244,0.002,0.000,0.000,0.000,0.000
152,152,-10.25,32.7,0.000,0.000,0.195,0.000,0.171,0.388,0.000,0.000,0.000,0.245,0.001,0.000,0.000,0.000,0.000
153,153,-10.25,33.15,0.001,0.001,0.158,0.000,0.468,0.319,0.000,0.000,0.000,0.052,0.001,0.000,0.000,0.000,0.000
154,154,-10.96,33.1,0.000,0.000,0.261,0.000,0.128,0.361,0.001,0.000,0.002,0.209,0.007,0.000,0.033,0.000,0.000
155,155,-10.72,33.14,0.000,0.000,0.374,0.000,0.112,0.242,0.001,0.022,0.003,0.200,0.048,0.000,0.000,0.000,0.000
156,156,-10.62,33.26,0.000,0.000,0.183,0.000,0.263,0.417,0.000,0.010,0.001,0.110,0.016,0.000,0.000,0.000,0.000
157,157,-10.36,33.48,0.000,0.000,0.413,0.000,0.094,0.336,0.000,0.000,0.000,0.156,0.000,0.000,0.000,0.000,0.000
158,158,-10.38,33.36,0.000,0.000,0.374,0.000,0.100,0.417,0.000,0.000,0.000,0.109,0.000,0.000,0.000,0.000,0.000
159,159,-12.28,32.69,0.000,0.000,0.271,0.000,0.004,0.475,0.000,0.004,0.000,0.245,0.002,0.000,0.000,0.000,0.000
160,160,-12.16,32.72,0.000,0.000,0.176,0.000,0.020,0.625,0.000,0.000,0.000,0.178,0.001,0.000,0.000,0.000,0.000
161,161,-12.27,33.01,0.000,0.000,0.586,0.000,0.005,0.209,0.000,0.000,0.007,0.179,0.016,0.000,0.000,0.000,0.000
162,162,-12.16,33.1,0.000,0.000,0.670,0.000,0.009,0.152,0.000,0.000,0.014,0.121,0.033,0.000,0.000,0.000,0.001
163,163,-12.47,33.17,0.000,0.000,0.506,0.000,0.010,0.110,0.000,0.002,0.078,0.184,0.110,0.000,0.000,0.000,0.000
164,164,-14.06,32.89,0.000,0.000,0.086,0.000,0.315,0.415,0.000,0.000,0.005,0.171,0.009,0.000,0.000,0.000,0.000
165,165,-13.96,32.67,0.000,0.000,0.150,0.000,0.277,0.344,0.000,0.001,0.006,0.206,0.016,0.000,0.000,0.000,0.000
166,166,-14.07,32.34,0.000,0.000,0.499,0.000,0.016,0.084,0.000,0.004,0.068,0.174,0.155,0.000,0.000,0.000,0.000
167,167,-14.27,31.86,0.000,0.000,0.556,0.000,0.001,0.024,0.000,0.015,0.013,0.278,0.113,0.000,0.000,0.000,0.001
168,168,-14.17,31.99,0.000,0.000,0.351,0.000,0.000,0.058,0.000,0.006,0.004,0.490,0.092,0.000,0.000,0.000,0.000
169,169,-14.3,32.12,0.000,0.000,0.623,0.000,0.001,0.024,0.000,0.001,0.027,0.192,0.132,0.000,0.000,0.000,0.000
170,170,-14.02,31.71,0.000,0.000,0.423,0.000,0.006,0.151,0.000,0.003,0.010,0.323,0.085,0.000,0.000,0.000,0.000
171,171,-14.13,32.15,0.000,0.000,0.525,0.000,0.044,0.128,0.000,0.001,0.029,0.152,0.122,0.000,0.000,0.000,0.000
172,172,-14.1,32.24,0.000,0.000,0.457,0.000,0.019,0.048,0.000,0.001,0.056,0.105,0.314,0.000,0.000,0.000,0.000
173,173,-14.04,32.56,0.000,0.000,0.169,0.000,0.125,0.394,0.000,0.000,0.010,0.278,0.025,0.000,0.000,0.000,0.000
174,174,-13.87,32.85,0.000,0.000,0.188,0.000,0.247,0.317,0.000,0.005,0.010,0.215,0.019,0.000,0.000,0.000,0.000
175,175,-13.55,32.86,0.000,0.000,0.241,0.000,0.125,0.185,0.000,0.072,0.028,0.206,0.143,0.000,0.000,0.000,0.000
176,176,-13.65,32.96,0.000,0.000,0.334,0.000,0.029,0.124,0.000,0.051,0.041,0.332,0.089,0.000,0.000,0.000,0.000
177,177,-12.52,32.86,0.000,0.000,0.261,0.000,0.059,0.506,0.000,0.000,0.001,0.166,0.007,0.000,0.000,0.000,0.000
178,178,-12.29,32.88,0.000,0.000,0.257,0.000,0.001,0.573,0.000,0.000,0.000,0.169,0.002,0.000,0.000,0.000,0.000
179,179,-12.47,32.91,0.000,0.000,0.394,0.000,0.014,0.287,0.000,0.000,0.004,0.291,0.010,0.000,0.000,0.000,0.000
180,180,-12.46,33,0.000,0.000,0.526,0.000,0.002,0.128,0.000,0.005,0.028,0.251,0.060,0.000,0.000,0.000,0.000
181,181,-12.01,33.14,0.000,0.000,0.557,0.000,0.005,0.229,0.000,0.001,0.027,0.139,0.040,0.000,0.000,0.000,0.000
182,182,-11.91,33.23,0.000,0.000,0.485,0.000,0.027,0.310,0.000,0.001,0.019,0.133,0.025,0.000,0.000,0.000,0.001
183,183,-11.31,32.48,0.000,0.000,0.094,0.000,0.215,0.533,0.000,0.000,0.000,0.157,0.001,0.000,0.000,0.000,0.000
184,184,-11.25,32.21,0.000,0.000,0.001,0.000,0.365,0.270,0.000,0.000,0.000,0.364,0.000,0.000,0.000,0.000,0.000
185,185,-11.45,32.12,0.000,0.000,0.000,0.000,0.429,0.203,0.000,0.000,0.000,0.368,0.000,0.000,0.000,0.000,0.000
186,186,-11.19,32.1,0.000,0.000,0.009,0.000,0.194,0.533,0.000,0.000,0.000,0.263,0.000,0.000,0.000,0.000,0.000
187,187,-11.23,32.37,0.000,0.000,0.054,0.000,0.498,0.196,0.000,0.000,0.000,0.253,0.000,0.000,0.000,0.000,0.000
188,188,-10.65,32.43,0.000,0.000,0.030,0.000,0.259,0.297,0.000,0.000,0.000,0.414,0.000,0.000,0.000,0.000,0.000
189,189,-10.44,33.1,0.000,0.000,0.246,0.000,0.334,0.315,0.002,0.000,0.004,0.070,0.030,0.000,0.000,0.000,0.000
190,190,-13,31.45,0.002,0.000,0.004,0.000,0.456,0.421,0.007,0.000,0.000,0.110,0.000,0.000,0.000,0.000,0.000
191,191,-13.74,31.61,0.000,0.000,0.046,0.000,0.100,0.664,0.000,0.012,0.000,0.170,0.008,0.000,0.000,0.000,0.000
192,192,-13.56,32.34,0.000,0.000,0.237,0.000,0.057,0.288,0.000,0.007,0.024,0.362,0.026,0.000,0.000,0.000,0.000
193,193,-13.75,32.64,0.000,0.000,0.392,0.000,0.027,0.145,0.000,0.020,0.029,0.288,0.097,0.000,0.000,0.000,0.002
194,194,-13.96,32.44,0.000,0.000,0.348,0.000,0.010,0.157,0.000,0.006,0.045,0.324,0.110,0.000,0.000,0.000,0.000
195,195,-13.53,31.96,0.000,0.000,0.083,0.000,0.032,0.701,0.000,0.001,0.000,0.183,0.001,0.000,0.000,0.000,0.000
196,196,-13.21,32.24,0.000,0.000,0.071,0.000,0.098,0.665,0.000,0.004,0.008,0.150,0.006,0.000,0.000,0.000,0.000
197,197,-13.33,32.35,0.000,0.000,0.101,0.000,0.115,0.629,0.000,0.000,0.000,0.156,0.000,0.000,0.000,0.000,0.000
198,198,-12.82,32.13,0.000,0.000,0.121,0.000,0.015,0.394,0.000,0.029,0.016,0.290,0.118,0.001,0.000,0.000,0.017
199,199,-12.79,32.07,0.000,0.000,0.123,0.000,0.006,0.351,0.000,0.024,0.014,0.215,0.239,0.008,0.000,0.000,0.020
200,200,-12.66,31.84,0.000,0.000,0.161,0.000,0.201,0.316,0.000,0.011,0.001,0.220,0.091,0.000,0.000,0.000,0.000
201,201,-12.8,31.82,0.000,0.000,0.190,0.000,0.179,0.345,0.000,0.003,0.003,0.200,0.080,0.000,0.000,0.000,0.000
202,202,-12.45,31.63,0.000,0.000,0.083,0.000,0.398,0.307,0.000,0.000,0.000,0.206,0.005,0.000,0.000,0.000,0.000
203,203,-12.35,31.28,0.001,0.000,0.008,0.000,0.287,0.203,0.000,0.000,0.000,0.501,0.000,0.000,0.000,0.000,0.000
204,204,-12.1,31.74,0.000,0.000,0.048,0.000,0.427,0.442,0.000,0.000,0.000,0.083,0.000,0.000,0.000,0.000,0.000
205,205,-11.6,31.77,0.000,0.000,0.004,0.000,0.230,0.533,0.000,0.000,0.000,0.233,0.000,0.000,0.000,0.000,0.000
206,206,-11.28,31.95,0.000,0.000,0.012,0.000,0.052,0.668,0.000,0.000,0.000,0.269,0.000,0.000,0.000,0.000,0.000
207,207,-11.43,32.6,0.000,0.000,0.109,0.000,0.103,0.605,0.000,0.001,0.000,0.182,0.000,0.000,0.000,0.000,0.000
208,208,-10.91,32.89,0.000,0.000,0.343,0.000,0.010,0.517,0.000,0.002,0.002,0.120,0.006,0.000,0.000,0.000,0.000
209,209,-10.81,32.5,0.000,0.000,0.011,0.000,0.384,0.034,0.000,0.000,0.000,0.571,0.000,0.000,0.000,0.000,0.000
210,210,-10.96,32.4,0.000,0.000,0.020,0.000,0.228,0.624,0.000,0.000,0.000,0.129,0.000,0.000,0.000,0.000,0.000
211,211,-10.86,32.33,0.000,0.000,0.010,0.000,0.222,0.470,0.000,0.000,0.000,0.298,0.000,0.000,0.000,0.000,0.000
212,212,-11,32.23,0.000,0.000,0.054,0.000,0.087,0.795,0.000,0.000,0.000,0.063,0.000,0.000,0.000,0.000,0.000
213,213,-10.98,32.11,0.000,0.000,0.045,0.000,0.036,0.673,0.000,0.000,0.000,0.246,0.001,0.000,0.000,0.000,0.000
214,214,-10.81,32.13,0.000,0.000,0.051,0.000,0.034,0.685,0.000,0.000,0.000,0.229,0.000,0.000,0.000,0.000,0.000
215,215,-10.7,32.21,0.000,0.000,0.057,0.000,0.108,0.694,0.000,0.000,0.000,0.141,0.000,0.000,0.000,0.000,0.000
216,216,-12.04,32.83,0.000,0.000,0.206,0.000,0.052,0.612,0.000,0.000,0.003,0.121,0.005,0.000,0.000,0.000,0.000
217,217,-12.35,33.35,0.000,0.000,0.740,0.000,0.003,0.048,0.000,0.001,0.034,0.119,0.053,0.000,0.000,0.000,0.001
218,218,-13.44,31.19,0.001,0.000,0.163,0.000,0.290,0.341,0.001,0.000,0.000,0.202,0.004,0.000,0.000,0.000,0.000
219,219,-14.19,30.34,0.000,0.000,0.075,0.000,0.135,0.521,0.000,0.009,0.001,0.254,0.006,0.000,0.000,0.000,0.000
220,220,-13.94,30.5,0.000,0.000,0.087,0.000,0.135,0.422,0.000,0.025,0.000,0.249,0.083,0.000,0.000,0.000,0.000
221,221,-13.72,30.4,0.000,0.000,0.005,0.000,0.505,0.180,0.000,0.001,0.000,0.300,0.010,0.000,0.000,0.000,0.000
222,222,-13.78,30.56,0.000,0.000,0.027,0.000,0.246,0.397,0.000,0.007,0.000,0.289,0.034,0.000,0.000,0.000,0.000
223,223,-13.62,30.66,0.000,0.000,0.024,0.000,0.286,0.443,0.000,0.002,0.000,0.230,0.015,0.000,0.000,0.000,0.000
224,224,-13.55,30.81,0.000,0.000,0.009,0.000,0.319,0.449,0.000,0.000,0.000,0.222,0.002,0.000,0.000,0.000,0.000
225,225,-13.7,30.54,0.000,0.000,0.004,0.000,0.467,0.393,0.000,0.000,0.000,0.131,0.004,0.000,0.000,0.000,0.000
226,226,-13.41,30.54,0.000,0.000,0.001,0.000,0.439,0.253,0.000,0.000,0.000,0.307,0.000,0.000,0.000,0.000,0.000
227,227,-13.32,30.63,0.000,0.000,0.001,0.000,0.362,0.377,0.000,0.000,0.000,0.260,0.000,0.000,0.000,0.000,0.000
228,228,-13.37,30.83,0.000,0.000,0.004,0.000,0.627,0.132,0.000,0.000,0.000,0.238,0.000,0.000,0.000,0.000,0.000
229,229,-13.45,30.3,0.000,0.000,0.002,0.000,0.112,0.665,0.000,0.000,0.000,0.220,0.001,0.000,0.000,0.000,0.000
230,230,-13.22,30.42,0.000,0.000,0.003,0.000,0.179,0.575,0.000,0.000,0.000,0.242,0.001,0.000,0.000,0.000,0.000
231,231,-13.55,30.38,0.000,0.000,0.000,0.000,0.289,0.583,0.000,0.000,0.000,0.129,0.000,0.000,0.000,0.000,0.000
232,232,-13.18,30.72,0.000,0.000,0.006,0.000,0.157,0.541,0.000,0.000,0.001,0.293,0.003,0.000,0.000,0.000,0.000
233,233,-11.92,31.26,0.000,0.001,0.106,0.000,0.100,0.612,0.000,0.014,0.007,0.156,0.005,0.000,0.000,0.000,0.000
234,234,-11.93,31.37,0.001,0.000,0.160,0.000,0.049,0.420,0.000,0.001,0.001,0.335,0.035,0.000,0.000,0.000,0.000
235,235,-12.17,31.17,0.000,0.000,0.023,0.000,0.130,0.536,0.000,0.007,0.003,0.295,0.006,0.000,0.000,0.000,0.000
236,236,-11.16,31.73,0.000,0.000,0.009,0.000,0.099,0.605,0.000,0.007,0.001,0.264,0.008,0.000,0.000,0.000,0.008
237,237,-11.37,31.6,0.000,0.000,0.000,0.000,0.198,0.320,0.000,0.000,0.000,0.482,0.000,0.000,0.000,0.000,0.000
238,238,-11.41,31.71,0.000,0.000,0.005,0.000,0.130,0.606,0.000,0.000,0.000,0.259,0.000,0.000,0.000,0.000,0.000
239,239,-11.49,31.47,0.000,0.000,0.025,0.000,0.252,0.517,0.000,0.001,0.000,0.205,0.001,0.000,0.000,0.000,0.000
240,240,-12.42,31,0.000,0.000,0.006,0.000,0.159,0.374,0.000,0.001,0.001,0.457,0.002,0.000,0.000,0.000,0.000
241,241,-12.45,31.19,0.000,0.000,0.002,0.000,0.196,0.417,0.000,0.001,0.001,0.380,0.003,0.000,0.000,0.000,0.000
242,242,-12.82,31.02,0.000,0.000,0.001,0.000,0.048,0.711,0.000,0.001,0.001,0.238,0.001,0.000,0.000,0.000,0.000
243,243,-12.98,30.67,0.000,0.000,0.018,0.000,0.115,0.572,0.000,0.001,0.000,0.187,0.019,0.000,0.000,0.000,0.090
244,244,-13,30.54,0.000,0.000,0.004,0.000,0.159,0.604,0.000,0.000,0.000,0.231,0.002,0.000,0.000,0.000,0.000
245,245,-13.51,32.14,0.000,0.000,0.077,0.000,0.031,0.580,0.000,0.012,0.004,0.289,0.008,0.000,0.000,0.000,0.000
246,246,-13.71,32.31,0.000,0.000,0.317,0.000,0.001,0.115,0.000,0.030,0.033,0.408,0.097,0.000,0.000,0.000,0.000
247,247,-13.74,31.42,0.000,0.000,0.115,0.000,0.017,0.555,0.000,0.027,0.005,0.265,0.017,0.000,0.000,0.000,0.000
248,248,-14.14,31.29,0.000,0.000,0.167,0.000,0.003,0.191,0.000,0.003,0.000,0.619,0.017,0.000,0.000,0.000,0.000
249,249,-12.49,32.35,0.000,0.000,0.430,0.000,0.006,0.286,0.000,0.006,0.002,0.220,0.050,0.000,0.000,0.000,0.000
250,250,-12.58,32.79,0.000,0.000,0.101,0.000,0.213,0.550,0.000,0.000,0.001,0.131,0.004,0.000,0.000,0.000,0.000
251,251,-14,30.36,0.000,0.000,0.027,0.000,0.192,0.492,0.000,0.007,0.000,0.248,0.034,0.000,0.000,0.000,0.000
252,252,-13.32,30.18,0.000,0.000,0.014,0.000,0.102,0.524,0.000,0.000,0.000,0.358,0.002,0.000,0.000,0.000,0.000
253,253,-12.48,33.34,0.000,0.000,0.524,0.000,0.015,0.045,0.000,0.010,0.063,0.139,0.206,0.000,0.000,0.000,0.000
254,254,-11.64,31.45,0.000,0.000,0.033,0.000,0.040,0.667,0.000,0.000,0.000,0.260,0.000,0.000,0.000,0.000,0.000
255,255,-11.73,31.5,0.000,0.000,0.184,0.000,0.094,0.410,0.000,0.000,0.003,0.257,0.052,0.000,0.000,0.000,0.000
256,256,-11.8,32.46,0.000,0.000,0.369,0.000,0.001,0.233,0.000,0.028,0.010,0.145,0.204,0.000,0.000,0.000,0.010
257,257,-11.62,32.4,0.000,0.000,0.434,0.000,0.088,0.290,0.000,0.004,0.002,0.100,0.080,0.000,0.000,0.000,0.004
258,258,-10.03,33.08,0.000,0.000,0.046,0.000,0.507,0.287,0.000,0.002,0.000,0.156,0.002,0.000,0.000,0.000,0.000
259,259,-10.09,32.86,0.000,0.000,0.064,0.000,0.316,0.407,0.000,0.000,0.000,0.213,0.001,0.000,0.000,0.000,0.000
260,260,-9.81,33,0.000,0.000,0.178,0.000,0.185,0.481,0.000,0.000,0.000,0.156,0.000,0.000,0.000,0.000,0.000
261,261,-9.89,33.22,0.000,0.000,0.485,0.000,0.131,0.301,0.000,0.001,0.000,0.075,0.008,0.000,0.000,0.000,0.000
262,262,-10.12,33.26,0.000,0.000,0.218,0.000,0.371,0.363,0.000,0.000,0.000,0.049,0.000,0.000,0.000,0.000,0.000
263,263,-9.73,33.17,0.000,0.000,0.685,0.000,0.051,0.187,0.000,0.000,0.002,0.072,0.003,0.000,0.000,0.000,0.000
264,264,-9.85,32.83,0.000,0.000,0.332,0.000,0.107,0.416,0.000,0.000,0.001,0.144,0.000,0.000,0.000,0.000,0.000
265,265,-10.72,33.45,0.002,0.000,0.113,0.001,0.420,0.413,0.001,0.000,0.000,0.051,0.000,0.000,0.000,0.000,0.000
266,266,-10.58,33.49,0.000,0.000,0.151,0.000,0.376,0.455,0.000,0.000,0.000,0.017,0.000,0.000,0.000,0.000,0.000
