ID	Watershed	UZTWM	UZFWM	UZK	ZPERC	REXP	LZTWM	LZFSM	LZFPM	LZSK	LZPK	PFREE
1	1	67.167	40.805	0.44	307.006	2.11	252.306	24.865	125.442	0.163	0.018	0.211
2	2	67.167	40.805	0.44	307.006	2.11	252.306	24.865	125.442	0.163	0.018	0.211
3	3	67.167	40.805	0.44	307.006	2.11	252.306	24.865	125.442	0.163	0.018	0.211
4	4	67.167	40.805	0.44	307.006	2.11	252.306	24.865	125.442	0.163	0.018	0.211
5	5	67.167	40.805	0.44	307.006	2.11	252.306	24.865	125.442	0.163	0.018	0.211
6	6	67.167	40.805	0.44	307.006	2.11	252.306	24.865	125.442	0.163	0.018	0.211
7	7	67.167	40.805	0.44	307.006	2.11	252.306	24.865	125.442	0.163	0.018	0.211
8	8	67.167	40.805	0.44	307.006	2.11	252.306	24.865	125.442	0.163	0.018	0.211
9	9	67.167	40.805	0.44	307.006	2.11	252.306	24.865	125.442	0.163	0.018	0.211
10	10	67.167	40.805	0.44	307.006	2.11	252.306	24.865	125.442	0.163	0.018	0.211
11	11	67.167	40.805	0.44	307.006	2.11	252.306	24.865	125.442	0.163	0.018	0.211
12	12	67.167	40.805	0.44	307.006	2.11	252.306	24.865	125.442	0.163	0.018	0.211
13	13	67.167	40.805	0.44	307.006	2.11	252.306	24.865	125.442	0.163	0.018	0.211
14	14	67.167	40.805	0.44	307.006	2.11	252.306	24.865	125.442	0.163	0.018	0.211
15	15	67.167	40.805	0.44	307.006	2.11	252.306	24.865	125.442	0.163	0.018	0.211
16	16	67.167	40.805	0.44	307.006	2.11	252.306	24.865	125.442	0.163	0.018	0.211
17	17	67.167	40.805	0.44	307.006	2.11	252.306	24.865	125.442	0.163	0.018	0.211
18	18	67.167	40.805	0.44	307.006	2.11	252.306	24.865	125.442	0.163	0.018	0.211
19	19	67.167	40.805	0.44	307.006	2.11	252.306	24.865	125.442	0.163	0.018	0.211
20	20	67.167	40.805	0.44	307.006	2.11	252.306	24.865	125.442	0.163	0.018	0.211
21	21	67.167	40.805	0.44	307.006	2.11	252.306	24.865	125.442	0.163	0.018	0.211
22	22	67.167	40.805	0.44	307.006	2.11	252.306	24.865	125.442	0.163	0.018	0.211
23	23	67.167	40.805	0.44	307.006	2.11	252.306	24.865	125.442	0.163	0.018	0.211
24	24	67.167	40.805	0.44	307.006	2.11	252.306	24.865	125.442	0.163	0.018	0.211
25	25	67.167	40.805	0.44	307.006	2.11	252.306	24.865	125.442	0.163	0.018	0.211
26	26	67.167	40.805	0.44	307.006	2.11	252.306	24.865	125.442	0.163	0.018	0.211
27	27	67.167	40.805	0.44	307.006	2.11	252.306	24.865	125.442	0.163	0.018	0.211
28	28	67.167	40.805	0.44	307.006	2.11	252.306	24.865	125.442	0.163	0.018	0.211
29	29	67.167	40.805	0.44	307.006	2.11	252.306	24.865	125.442	0.163	0.018	0.211
30	30	67.167	40.805	0.44	307.006	2.11	252.306	24.865	125.442	0.163	0.018	0.211
31	31	67.167	40.805	0.44	307.006	2.11	252.306	24.865	125.442	0.163	0.018	0.211
32	32	67.167	40.805	0.44	307.006	2.11	252.306	24.865	125.442	0.163	0.018	0.211
33	33	67.167	40.805	0.44	307.006	2.11	252.306	24.865	125.442	0.163	0.018	0.211
34	34	67.167	40.805	0.44	307.006	2.11	252.306	24.865	125.442	0.163	0.018	0.211
35	35	67.167	40.805	0.44	307.006	2.11	252.306	24.865	125.442	0.163	0.018	0.211
36	36	67.167	40.805	0.44	307.006	2.11	252.306	24.865	125.442	0.163	0.018	0.211
37	37	67.167	40.805	0.44	307.006	2.11	252.306	24.865	125.442	0.163	0.018	0.211
38	38	67.167	40.805	0.44	307.006	2.11	252.306	24.865	125.442	0.163	0.018	0.211
39	39	67.167	40.805	0.44	307.006	2.11	252.306	24.865	125.442	0.163	0.018	0.211
40	40	67.167	40.805	0.44	307.006	2.11	252.306	24.865	125.442	0.163	0.018	0.211
41	41	67.167	40.805	0.44	307.006	2.11	252.306	24.865	125.442	0.163	0.018	0.211
42	42	67.167	40.805	0.44	307.006	2.11	252.306	24.865	125.442	0.163	0.018	0.211
43	43	67.167	40.805	0.44	307.006	2.11	252.306	24.865	125.442	0.163	0.018	0.211
44	44	67.167	40.805	0.44	307.006	2.11	252.306	24.865	125.442	0.163	0.018	0.211
45	45	67.167	40.805	0.44	307.006	2.11	252.306	24.865	125.442	0.163	0.018	0.211
46	46	67.167	40.805	0.44	307.006	2.11	252.306	24.865	125.442	0.163	0.018	0.211
47	47	67.167	40.805	0.44	307.006	2.11	252.306	24.865	125.442	0.163	0.018	0.211
48	48	67.167	40.805	0.44	307.006	2.11	252.306	24.865	125.442	0.163	0.018	0.211
49	49	67.167	40.805	0.44	307.006	2.11	252.306	24.865	125.442	0.163	0.018	0.211
50	50	67.167	40.805	0.44	307.006	2.11	252.306	24.865	125.442	0.163	0.018	0.211
51	51	67.167	40.805	0.44	307.006	2.11	252.306	24.865	125.442	0.163	0.018	0.211
52	52	67.167	40.805	0.44	307.006	2.11	252.306	24.865	125.442	0.163	0.018	0.211
53	53	67.167	40.805	0.44	307.006	2.11	252.306	24.865	125.442	0.163	0.018	0.211
54	54	67.167	40.805	0.44	307.006	2.11	252.306	24.865	125.442	0.163	0.018	0.211
55	55	67.167	40.805	0.44	307.006	2.11	252.306	24.865	125.442	0.163	0.018	0.211
56	56	67.167	40.805	0.44	307.006	2.11	252.306	24.865	125.442	0.163	0.018	0.211
57	57	67.167	40.805	0.44	307.006	2.11	252.306	24.865	125.442	0.163	0.018	0.211
58	58	67.167	40.805	0.44	307.006	2.11	252.306	24.865	125.442	0.163	0.018	0.211
59	59	67.167	40.805	0.44	307.006	2.11	252.306	24.865	125.442	0.163	0.018	0.211
60	60	67.167	40.805	0.44	307.006	2.11	252.306	24.865	125.442	0.163	0.018	0.211
61	61	67.167	40.805	0.44	307.006	2.11	252.306	24.865	125.442	0.163	0.018	0.211
62	62	67.167	40.805	0.44	307.006	2.11	252.306	24.865	125.442	0.163	0.018	0.211
63	63	67.167	40.805	0.44	307.006	2.11	252.306	24.865	125.442	0.163	0.018	0.211
64	64	67.167	40.805	0.44	307.006	2.11	252.306	24.865	125.442	0.163	0.018	0.211
65	65	67.167	40.805	0.44	307.006	2.11	252.306	24.865	125.442	0.163	0.018	0.211
66	66	67.167	40.805	0.44	307.006	2.11	252.306	24.865	125.442	0.163	0.018	0.211
67	67	67.167	40.805	0.44	307.006	2.11	252.306	24.865	125.442	0.163	0.018	0.211
68	68	67.167	40.805	0.44	307.006	2.11	252.306	24.865	125.442	0.163	0.018	0.211
69	69	67.167	40.805	0.44	307.006	2.11	252.306	24.865	125.442	0.163	0.018	0.211
70	70	67.167	40.805	0.44	307.006	2.11	252.306	24.865	125.442	0.163	0.018	0.211
71	71	67.167	40.805	0.44	307.006	2.11	252.306	24.865	125.442	0.163	0.018	0.211
72	72	67.167	40.805	0.44	307.006	2.11	252.306	24.865	125.442	0.163	0.018	0.211
73	73	67.167	40.805	0.44	307.006	2.11	252.306	24.865	125.442	0.163	0.018	0.211
74	74	67.167	40.805	0.44	307.006	2.11	252.306	24.865	125.442	0.163	0.018	0.211
75	75	67.167	40.805	0.44	307.006	2.11	252.306	24.865	125.442	0.163	0.018	0.211
76	76	67.167	40.805	0.44	307.006	2.11	252.306	24.865	125.442	0.163	0.018	0.211
77	77	67.167	40.805	0.44	307.006	2.11	252.306	24.865	125.442	0.163	0.018	0.211
78	78	67.167	40.805	0.44	307.006	2.11	252.306	24.865	125.442	0.163	0.018	0.211
79	79	67.167	40.805	0.44	307.006	2.11	252.306	24.865	125.442	0.163	0.018	0.211
80	80	67.167	40.805	0.44	307.006	2.11	252.306	24.865	125.442	0.163	0.018	0.211
81	81	67.167	40.805	0.44	307.006	2.11	252.306	24.865	125.442	0.163	0.018	0.211
82	82	67.167	40.805	0.44	307.006	2.11	252.306	24.865	125.442	0.163	0.018	0.211
83	83	67.167	40.805	0.44	307.006	2.11	252.306	24.865	125.442	0.163	0.018	0.211
84	84	67.167	40.805	0.44	307.006	2.11	252.306	24.865	125.442	0.163	0.018	0.211
85	85	67.167	40.805	0.44	307.006	2.11	252.306	24.865	125.442	0.163	0.018	0.211
86	86	67.167	40.805	0.44	307.006	2.11	252.306	24.865	125.442	0.163	0.018	0.211
87	87	67.167	40.805	0.44	307.006	2.11	252.306	24.865	125.442	0.163	0.018	0.211
88	88	67.167	40.805	0.44	307.006	2.11	252.306	24.865	125.442	0.163	0.018	0.211
89	89	67.167	40.805	0.44	307.006	2.11	252.306	24.865	125.442	0.163	0.018	0.211
90	90	67.167	40.805	0.44	307.006	2.11	252.306	24.865	125.442	0.163	0.018	0.211
91	91	67.167	40.805	0.44	307.006	2.11	252.306	24.865	125.442	0.163	0.018	0.211
92	92	67.167	40.805	0.44	307.006	2.11	252.306	24.865	125.442	0.163	0.018	0.211
93	93	67.167	40.805	0.44	307.006	2.11	252.306	24.865	125.442	0.163	0.018	0.211
94	94	67.167	40.805	0.44	307.006	2.11	252.306	24.865	125.442	0.163	0.018	0.211
95	95	67.167	40.805	0.44	307.006	2.11	252.306	24.865	125.442	0.163	0.018	0.211
96	96	67.167	40.805	0.44	307.006	2.11	252.306	24.865	125.442	0.163	0.018	0.211
97	97	67.167	40.805	0.44	307.006	2.11	252.306	24.865	125.442	0.163	0.018	0.211
98	98	67.167	40.805	0.44	307.006	2.11	252.306	24.865	125.442	0.163	0.018	0.211
99	99	67.167	40.805	0.44	307.006	2.11	252.306	24.865	125.442	0.163	0.018	0.211
100	100	67.167	40.805	0.44	307.006	2.11	252.306	24.865	125.442	0.163	0.018	0.211
101	101	67.167	40.805	0.44	307.006	2.11	252.306	24.865	125.442	0.163	0.018	0.211
102	102	67.167	40.805	0.44	307.006	2.11	252.306	24.865	125.442	0.163	0.018	0.211
103	103	67.167	40.805	0.44	307.006	2.11	252.306	24.865	125.442	0.163	0.018	0.211
104	104	67.167	40.805	0.44	307.006	2.11	252.306	24.865	125.442	0.163	0.018	0.211
105	105	67.167	40.805	0.44	307.006	2.11	252.306	24.865	125.442	0.163	0.018	0.211
106	106	67.167	40.805	0.44	307.006	2.11	252.306	24.865	125.442	0.163	0.018	0.211
107	107	67.167	40.805	0.44	307.006	2.11	252.306	24.865	125.442	0.163	0.018	0.211
108	108	67.167	40.805	0.44	307.006	2.11	252.306	24.865	125.442	0.163	0.018	0.211
109	109	67.167	40.805	0.44	307.006	2.11	252.306	24.865	125.442	0.163	0.018	0.211
110	110	67.167	40.805	0.44	307.006	2.11	252.306	24.865	125.442	0.163	0.018	0.211
111	111	67.167	40.805	0.44	307.006	2.11	252.306	24.865	125.442	0.163	0.018	0.211
112	112	67.167	40.805	0.44	307.006	2.11	252.306	24.865	125.442	0.163	0.018	0.211
113	113	67.167	40.805	0.44	307.006	2.11	252.306	24.865	125.442	0.163	0.018	0.211
114	114	67.167	40.805	0.44	307.006	2.11	252.306	24.865	125.442	0.163	0.018	0.211
115	115	67.167	40.805	0.44	307.006	2.11	252.306	24.865	125.442	0.163	0.018	0.211
116	116	67.167	40.805	0.44	307.006	2.11	252.306	24.865	125.442	0.163	0.018	0.211
117	117	67.167	40.805	0.44	307.006	2.11	252.306	24.865	125.442	0.163	0.018	0.211
118	118	67.167	40.805	0.44	307.006	2.11	252.306	24.865	125.442	0.163	0.018	0.211
119	119	67.167	40.805	0.44	307.006	2.11	252.306	24.865	125.442	0.163	0.018	0.211
120	120	67.167	40.805	0.44	307.006	2.11	252.306	24.865	125.442	0.163	0.018	0.211
121	121	67.167	40.805	0.44	307.006	2.11	252.306	24.865	125.442	0.163	0.018	0.211
122	122	67.167	40.805	0.44	307.006	2.11	252.306	24.865	125.442	0.163	0.018	0.211
123	123	67.167	40.805	0.44	307.006	2.11	252.306	24.865	125.442	0.163	0.018	0.211
124	124	67.167	40.805	0.44	307.006	2.11	252.306	24.865	125.442	0.163	0.018	0.211
125	125	67.167	40.805	0.44	307.006	2.11	252.306	24.865	125.442	0.163	0.018	0.211
126	126	67.167	40.805	0.44	307.006	2.11	252.306	24.865	125.442	0.163	0.018	0.211
127	127	67.167	40.805	0.44	307.006	2.11	252.306	24.865	125.442	0.163	0.018	0.211
128	128	67.167	40.805	0.44	307.006	2.11	252.306	24.865	125.442	0.163	0.018	0.211
129	129	67.167	40.805	0.44	307.006	2.11	252.306	24.865	125.442	0.163	0.018	0.211
130	130	67.167	40.805	0.44	307.006	2.11	252.306	24.865	125.442	0.163	0.018	0.211
131	131	67.167	40.805	0.44	307.006	2.11	252.306	24.865	125.442	0.163	0.018	0.211
132	132	67.167	40.805	0.44	307.006	2.11	252.306	24.865	125.442	0.163	0.018	0.211
133	133	67.167	40.805	0.44	307.006	2.11	252.306	24.865	125.442	0.163	0.018	0.211
134	134	67.167	40.805	0.44	307.006	2.11	252.306	24.865	125.442	0.163	0.018	0.211
135	135	67.167	40.805	0.44	307.006	2.11	252.306	24.865	125.442	0.163	0.018	0.211
136	136	67.167	40.805	0.44	307.006	2.11	252.306	24.865	125.442	0.163	0.018	0.211
137	137	67.167	40.805	0.44	307.006	2.11	252.306	24.865	125.442	0.163	0.018	0.211
138	138	67.167	40.805	0.44	307.006	2.11	252.306	24.865	125.442	0.163	0.018	0.211
139	139	67.167	40.805	0.44	307.006	2.11	252.306	24.865	125.442	0.163	0.018	0.211
140	140	67.167	40.805	0.44	307.006	2.11	252.306	24.865	125.442	0.163	0.018	0.211
141	141	67.167	40.805	0.44	307.006	2.11	252.306	24.865	125.442	0.163	0.018	0.211
142	142	67.167	40.805	0.44	307.006	2.11	252.306	24.865	125.442	0.163	0.018	0.211
143	143	67.167	40.805	0.44	307.006	2.11	252.306	24.865	125.442	0.163	0.018	0.211
144	144	67.167	40.805	0.44	307.006	2.11	252.306	24.865	125.442	0.163	0.018	0.211
145	145	67.167	40.805	0.44	307.006	2.11	252.306	24.865	125.442	0.163	0.018	0.211
146	146	67.167	40.805	0.44	307.006	2.11	252.306	24.865	125.442	0.163	0.018	0.211
147	147	67.167	40.805	0.44	307.006	2.11	252.306	24.865	125.442	0.163	0.018	0.211
148	148	67.167	40.805	0.44	307.006	2.11	252.306	24.865	125.442	0.163	0.018	0.211
149	149	67.167	40.805	0.44	307.006	2.11	252.306	24.865	125.442	0.163	0.018	0.211
150	150	67.167	40.805	0.44	307.006	2.11	252.306	24.865	125.442	0.163	0.018	0.211
151	151	67.167	40.805	0.44	307.006	2.11	252.306	24.865	125.442	0.163	0.018	0.211
152	152	67.167	40.805	0.44	307.006	2.11	252.306	24.865	125.442	0.163	0.018	0.211
153	153	67.167	40.805	0.44	307.006	2.11	252.306	24.865	125.442	0.163	0.018	0.211
154	154	67.167	40.805	0.44	307.006	2.11	252.306	24.865	125.442	0.163	0.018	0.211
155	155	67.167	40.805	0.44	307.006	2.11	252.306	24.865	125.442	0.163	0.018	0.211
156	156	67.167	40.805	0.44	307.006	2.11	252.306	24.865	125.442	0.163	0.018	0.211
157	157	67.167	40.805	0.44	307.006	2.11	252.306	24.865	125.442	0.163	0.018	0.211
158	158	67.167	40.805	0.44	307.006	2.11	252.306	24.865	125.442	0.163	0.018	0.211
159	159	67.167	40.805	0.44	307.006	2.11	252.306	24.865	125.442	0.163	0.018	0.211
160	160	67.167	40.805	0.44	307.006	2.11	252.306	24.865	125.442	0.163	0.018	0.211
161	161	67.167	40.805	0.44	307.006	2.11	252.306	24.865	125.442	0.163	0.018	0.211
162	162	67.167	40.805	0.44	307.006	2.11	252.306	24.865	125.442	0.163	0.018	0.211
163	163	67.167	40.805	0.44	307.006	2.11	252.306	24.865	125.442	0.163	0.018	0.211
164	164	67.167	40.805	0.44	307.006	2.11	252.306	24.865	125.442	0.163	0.018	0.211
165	165	67.167	40.805	0.44	307.006	2.11	252.306	24.865	125.442	0.163	0.018	0.211
166	166	67.167	40.805	0.44	307.006	2.11	252.306	24.865	125.442	0.163	0.018	0.211
167	167	67.167	40.805	0.44	307.006	2.11	252.306	24.865	125.442	0.163	0.018	0.211
168	168	67.167	40.805	0.44	307.006	2.11	252.306	24.865	125.442	0.163	0.018	0.211
169	169	67.167	40.805	0.44	307.006	2.11	252.306	24.865	125.442	0.163	0.018	0.211
170	170	67.167	40.805	0.44	307.006	2.11	252.306	24.865	125.442	0.163	0.018	0.211
171	171	67.167	40.805	0.44	307.006	2.11	252.306	24.865	125.442	0.163	0.018	0.211
172	172	67.167	40.805	0.44	307.006	2.11	252.306	24.865	125.442	0.163	0.018	0.211
173	173	67.167	40.805	0.44	307.006	2.11	252.306	24.865	125.442	0.163	0.018	0.211
174	174	67.167	40.805	0.44	307.006	2.11	252.306	24.865	125.442	0.163	0.018	0.211
175	175	67.167	40.805	0.44	307.006	2.11	252.306	24.865	125.442	0.163	0.018	0.211
176	176	67.167	40.805	0.44	307.006	2.11	252.306	24.865	125.442	0.163	0.018	0.211
177	177	67.167	40.805	0.44	307.006	2.11	252.306	24.865	125.442	0.163	0.018	0.211
178	178	67.167	40.805	0.44	307.006	2.11	252.306	24.865	125.442	0.163	0.018	0.211
179	179	67.167	40.805	0.44	307.006	2.11	252.306	24.865	125.442	0.163	0.018	0.211
180	180	67.167	40.805	0.44	307.006	2.11	252.306	24.865	125.442	0.163	0.018	0.211
181	181	67.167	40.805	0.44	307.006	2.11	252.306	24.865	125.442	0.163	0.018	0.211
182	182	67.167	40.805	0.44	307.006	2.11	252.306	24.865	125.442	0.163	0.018	0.211
183	183	67.167	40.805	0.44	307.006	2.11	252.306	24.865	125.442	0.163	0.018	0.211
184	184	67.167	40.805	0.44	307.006	2.11	252.306	24.865	125.442	0.163	0.018	0.211
185	185	67.167	40.805	0.44	307.006	2.11	252.306	24.865	125.442	0.163	0.018	0.211
186	186	67.167	40.805	0.44	307.006	2.11	252.306	24.865	125.442	0.163	0.018	0.211
187	187	67.167	40.805	0.44	307.006	2.11	252.306	24.865	125.442	0.163	0.018	0.211
188	188	67.167	40.805	0.44	307.006	2.11	252.306	24.865	125.442	0.163	0.018	0.211
189	189	67.167	40.805	0.44	307.006	2.11	252.306	24.865	125.442	0.163	0.018	0.211
190	190	67.167	40.805	0.44	307.006	2.11	252.306	24.865	125.442	0.163	0.018	0.211
191	191	67.167	40.805	0.44	307.006	2.11	252.306	24.865	125.442	0.163	0.018	0.211
192	192	67.167	40.805	0.44	307.006	2.11	252.306	24.865	125.442	0.163	0.018	0.211
193	193	67.167	40.805	0.44	307.006	2.11	252.306	24.865	125.442	0.163	0.018	0.211
194	194	67.167	40.805	0.44	307.006	2.11	252.306	24.865	125.442	0.163	0.018	0.211
195	195	67.167	40.805	0.44	307.006	2.11	252.306	24.865	125.442	0.163	0.018	0.211
196	196	67.167	40.805	0.44	307.006	2.11	252.306	24.865	125.442	0.163	0.018	0.211
197	197	67.167	40.805	0.44	307.006	2.11	252.306	24.865	125.442	0.163	0.018	0.211
198	198	67.167	40.805	0.44	307.006	2.11	252.306	24.865	125.442	0.163	0.018	0.211
199	199	67.167	40.805	0.44	307.006	2.11	252.306	24.865	125.442	0.163	0.018	0.211
200	200	67.167	40.805	0.44	307.006	2.11	252.306	24.865	125.442	0.163	0.018	0.211
201	201	67.167	40.805	0.44	307.006	2.11	252.306	24.865	125.442	0.163	0.018	0.211
202	202	67.167	40.805	0.44	307.006	2.11	252.306	24.865	125.442	0.163	0.018	0.211
203	203	67.167	40.805	0.44	307.006	2.11	252.306	24.865	125.442	0.163	0.018	0.211
204	204	67.167	40.805	0.44	307.006	2.11	252.306	24.865	125.442	0.163	0.018	0.211
205	205	67.167	40.805	0.44	307.006	2.11	252.306	24.865	125.442	0.163	0.018	0.211
206	206	67.167	40.805	0.44	307.006	2.11	252.306	24.865	125.442	0.163	0.018	0.211
207	207	67.167	40.805	0.44	307.006	2.11	252.306	24.865	125.442	0.163	0.018	0.211
208	208	67.167	40.805	0.44	307.006	2.11	252.306	24.865	125.442	0.163	0.018	0.211
209	209	67.167	40.805	0.44	307.006	2.11	252.306	24.865	125.442	0.163	0.018	0.211
210	210	67.167	40.805	0.44	307.006	2.11	252.306	24.865	125.442	0.163	0.018	0.211
211	211	67.167	40.805	0.44	307.006	2.11	252.306	24.865	125.442	0.163	0.018	0.211
212	212	67.167	40.805	0.44	307.006	2.11	252.306	24.865	125.442	0.163	0.018	0.211
213	213	67.167	40.805	0.44	307.006	2.11	252.306	24.865	125.442	0.163	0.018	0.211
214	214	67.167	40.805	0.44	307.006	2.11	252.306	24.865	125.442	0.163	0.018	0.211
215	215	67.167	40.805	0.44	307.006	2.11	252.306	24.865	125.442	0.163	0.018	0.211
216	216	67.167	40.805	0.44	307.006	2.11	252.306	24.865	125.442	0.163	0.018	0.211
217	217	67.167	40.805	0.44	307.006	2.11	252.306	24.865	125.442	0.163	0.018	0.211
218	218	67.167	40.805	0.44	307.006	2.11	252.306	24.865	125.442	0.163	0.018	0.211
219	219	67.167	40.805	0.44	307.006	2.11	252.306	24.865	125.442	0.163	0.018	0.211
220	220	67.167	40.805	0.44	307.006	2.11	252.306	24.865	125.442	0.163	0.018	0.211
221	221	67.167	40.805	0.44	307.006	2.11	252.306	24.865	125.442	0.163	0.018	0.211
222	222	67.167	40.805	0.44	307.006	2.11	252.306	24.865	125.442	0.163	0.018	0.211
223	223	67.167	40.805	0.44	307.006	2.11	252.306	24.865	125.442	0.163	0.018	0.211
224	224	67.167	40.805	0.44	307.006	2.11	252.306	24.865	125.442	0.163	0.018	0.211
225	225	67.167	40.805	0.44	307.006	2.11	252.306	24.865	125.442	0.163	0.018	0.211
226	226	67.167	40.805	0.44	307.006	2.11	252.306	24.865	125.442	0.163	0.018	0.211
227	227	67.167	40.805	0.44	307.006	2.11	252.306	24.865	125.442	0.163	0.018	0.211
228	228	67.167	40.805	0.44	307.006	2.11	252.306	24.865	125.442	0.163	0.018	0.211
229	229	67.167	40.805	0.44	307.006	2.11	252.306	24.865	125.442	0.163	0.018	0.211
230	230	67.167	40.805	0.44	307.006	2.11	252.306	24.865	125.442	0.163	0.018	0.211
231	231	67.167	40.805	0.44	307.006	2.11	252.306	24.865	125.442	0.163	0.018	0.211
232	232	67.167	40.805	0.44	307.006	2.11	252.306	24.865	125.442	0.163	0.018	0.211
233	233	67.167	40.805	0.44	307.006	2.11	252.306	24.865	125.442	0.163	0.018	0.211
234	234	67.167	40.805	0.44	307.006	2.11	252.306	24.865	125.442	0.163	0.018	0.211
235	235	67.167	40.805	0.44	307.006	2.11	252.306	24.865	125.442	0.163	0.018	0.211
236	236	67.167	40.805	0.44	307.006	2.11	252.306	24.865	125.442	0.163	0.018	0.211
237	237	67.167	40.805	0.44	307.006	2.11	252.306	24.865	125.442	0.163	0.018	0.211
238	238	67.167	40.805	0.44	307.006	2.11	252.306	24.865	125.442	0.163	0.018	0.211
239	239	67.167	40.805	0.44	307.006	2.11	252.306	24.865	125.442	0.163	0.018	0.211
240	240	67.167	40.805	0.44	307.006	2.11	252.306	24.865	125.442	0.163	0.018	0.211
241	241	67.167	40.805	0.44	307.006	2.11	252.306	24.865	125.442	0.163	0.018	0.211
242	242	67.167	40.805	0.44	307.006	2.11	252.306	24.865	125.442	0.163	0.018	0.211
243	243	67.167	40.805	0.44	307.006	2.11	252.306	24.865	125.442	0.163	0.018	0.211
244	244	67.167	40.805	0.44	307.006	2.11	252.306	24.865	125.442	0.163	0.018	0.211
245	245	67.167	40.805	0.44	307.006	2.11	252.306	24.865	125.442	0.163	0.018	0.211
246	246	67.167	40.805	0.44	307.006	2.11	252.306	24.865	125.442	0.163	0.018	0.211
247	247	67.167	40.805	0.44	307.006	2.11	252.306	24.865	125.442	0.163	0.018	0.211
248	248	67.167	40.805	0.44	307.006	2.11	252.306	24.865	125.442	0.163	0.018	0.211
249	249	67.167	40.805	0.44	307.006	2.11	252.306	24.865	125.442	0.163	0.018	0.211
250	250	67.167	40.805	0.44	307.006	2.11	252.306	24.865	125.442	0.163	0.018	0.211
251	251	67.167	40.805	0.44	307.006	2.11	252.306	24.865	125.442	0.163	0.018	0.211
252	252	67.167	40.805	0.44	307.006	2.11	252.306	24.865	125.442	0.163	0.018	0.211
253	253	67.167	40.805	0.44	307.006	2.11	252.306	24.865	125.442	0.163	0.018	0.211
254	254	67.167	40.805	0.44	307.006	2.11	252.306	24.865	125.442	0.163	0.018	0.211
255	255	67.167	40.805	0.44	307.006	2.11	252.306	24.865	125.442	0.163	0.018	0.211
256	256	67.167	40.805	0.44	307.006	2.11	252.306	24.865	125.442	0.163	0.018	0.211
257	257	67.167	40.805	0.44	307.006	2.11	252.306	24.865	125.442	0.163	0.018	0.211
258	258	67.167	40.805	0.44	307.006	2.11	252.306	24.865	125.442	0.163	0.018	0.211
259	259	67.167	40.805	0.44	307.006	2.11	252.306	24.865	125.442	0.163	0.018	0.211
260	260	67.167	40.805	0.44	307.006	2.11	252.306	24.865	125.442	0.163	0.018	0.211
261	261	67.167	40.805	0.44	307.006	2.11	252.306	24.865	125.442	0.163	0.018	0.211
262	262	67.167	40.805	0.44	307.006	2.11	252.306	24.865	125.442	0.163	0.018	0.211
263	263	67.167	40.805	0.44	307.006	2.11	252.306	24.865	125.442	0.163	0.018	0.211
264	264	67.167	40.805	0.44	307.006	2.11	252.306	24.865	125.442	0.163	0.018	0.211
265	265	67.167	40.805	0.44	307.006	2.11	252.306	24.865	125.442	0.163	0.018	0.211
266	266	67.167	40.805	0.44	307.006	2.11	252.306	24.865	125.442	0.163	0.018	0.211
